228	199	36	255	220	216	214	212	12	194
260	211	200	271	40	205	144	224	38	192
200	49	254	240	253	316	248	168	402	208
215	220	215	192	273	176	282	198	232	280
49	270	216	220	216	54	152	236	192	243
268	274	198	256	267	295	44	197	264	220
55	207	212	251	156	230	247	204	49	198
0	271	243	228	274	273	236	200	232	49
251	160	259	277	212	250	215	260	38	188
263	220	190	55	152	253	232	256	280	264
213	252	406	304	207	219	204	245	198	204
49	202	236	241	210	267	263	176	260	209
0	180	233	210	55	237	232	238	287	188
215	196	221	208	54	200	200	49	259	172
204	49	204	182	262	269	214	205	264	243
184	212	55	184	257	252	242	239	152	173
263	216	200	247	53	192	238	247	188	214
232	299	0	170	216	263	256	248	402	193
288	230	254	272	271	216	267	44	265	194
176	198	232	269	176	253	260	216	54	240
204	269	160	236	57	188	213	212	258	235
200	53	244	275	200	187	226	210	212	199
232	280	54	238	196	51	253	256	210	215
256	38	252	271	195	240	160	192	277	256
305	412	402	109	216	196	188	242	188	276
248	38	202	248	243	260	279	260	213	300
56	270	192	229	222	196	188	209	39	172
192	252	49	204	0	283	216	206	211	47
252	144	232	221	200	0	240	221	40	265
204	198	202	224	195	244	275	216	213	216
303	53	166	214	213	252	208	48	216	249
206	251	224	172	200	407	207	244	241	246
224	258	210	260	51	200	267	192	225	230
220	215	202	220	263	262	248	306	43	252
255	164	280	282	200	212	218	36	265	295
216	275	203	232	264	248	55	218	212	183
254	172	229	192	268	304	44	197	252	274
176	208	225	207	184	237	54	220	253	260
160	231	224	225	207	214	280	202	209	248
392	211	251	232	257	268	260	193	258	216
263	196	155	244	55	216	190	226	208	247
208	215	288	53	232	250	194	44	256	249
202	260	232	182	248	209	0	197	236	168
230	236	200	209	212	226	245	168	288	0
95	256	186	275	216	249	168	47	204	269
240	239	62	144	36	206	200	228	192	254
234	44	192	249	250	200	0	250	205	352
203	253	242	241	271	260	208	212	54	266
199	233	204	245	194	223	0	196	246	248
283	244	215	196	221	248	302	38	204	184
201	227	44	270	259	214	152	224	200	242
275	240	37	184	212	196	183	40	215	255
152	260	271	160	264	50	239	236	47	248
193	254	220	212	201	263	188	180	261	388
199	232	205	232	237	202	196	219	213	266
289	399	392	96	254	255	204	253	263	200
272	0	160	208	230	215	196	188	207	54
226	216	37	244	300	180	189	267	216	152
215	206	0	187	280	54	236	186	269	172
214	242	191	276	231	196	226	193	250	216
284	49	255	152	233	200	249	264	217	276
220	271	43	180	251	156	55	203	236	228
176	232	213	200	212	254	302	405	141	184
258	227	223	192	169	273	226	189	263	288
48	220	226	210	47	257	256	225	210	264
249	256	52	256	208	53	88	254	192	255
277	260	198	256	54	156	202	225	222	196
190	213	288	36	259	256	257	272	231	216
222	216	36	261	199	144	254	236	249	40
185	252	203	0	241	240	204	230	202	301
44	161	194	239	248	284	164	210	400	255
268	255	268	229	156	214	254	44	260	221
198	40	192	196	267	226	250	156	243	224
254	168	294	55	217	250	261	42	188	198
194	261	245	216	234	223	44	194	245	210
0	267	210	164	226	251	203	232	213	196
259	296	54	94	240	219	223	240	209	200
266	239	196	190	36	253	272	200	279	229
206	197	263	40	268	226	248	396	269	160
206	210	240	216	257	262	200	278	0	204
249	254	44	197	264	216	241	200	225	238
230	0	215	184	248	203	287	187	212	198
36	197	236	218	0	253	256	218	264	281
184	266	214	314	352	36	-179	-160	-36	-205
-165	-173	-174	-159	-12	-158	-207	-171	-164	-217
-40	-167	-108	-175	-38	-155	-160	-49	-200	-190
-206	-259	-208	-129	-314	-168	-174	-179	-175	-154
-218	-132	-225	-158	-185	-220	-49	-212	-172	-165
-173	-54	-114	-186	-144	-192	-212	-219	-158	-203
-213	-233	-44	-160	-208	-165	-55	-166	-168	-202
-117	-186	-198	-162	-49	-162	0	-217	-193	-181
-218	-218	-192	-150	-183	-49	-198	-120	-207	-221
-168	-197	-175	-206	-38	-151	-213	-165	-147	-55
-114	-203	-184	-205	-224	-209	-173	-199	-318	-250
-169	-175	-164	-196	-160	-164	-49	-162	-177	-190
-170	-214	-208	-132	-206	-169	0	-144	-184	-171
-55	-191	-183	-188	-229	-141	-175	-157	-179	-168
-54	-150	-159	-49	-204	-129	-164	-49	-153	-146
-209	-214	-170	-167	-208	-196	-148	-159	-55	-148
-206	-201	-195	-195	-114	-137	-208	-172	-150	-198
-53	-153	-188	-199	-152	-170	-183	-236	0	-141
-173	-207	-202	-186	-314	-155	-238	-182	-203	-216
-216	-176	-214	-44	-211	-156	-132	-158	-183	-214
-132	-199	-205	-162	-54	-190	-163	-214	-120	-187
-57	-151	-173	-174	-208	-187	-160	-53	-193	-222
-150	-146	-182	-172	-168	-159	-183	-225	-54	-194
-147	-51	-203	-201	-167	-175	-203	-38	-198	-215
-158	-195	-120	-154	-222	-202	-242	-324	-314	-94
-172	-147	-152	-195	-141	-216	-186	-38	-164	-198
-195	-209	-223	-205	-173	-247	-56	-216	-154	-185
-182	-147	-150	-169	-39	-129	-156	-198	-49	-168
0	-225	-172	-167	-171	-47	-199	-108	-183	-179
-160	0	-190	-180	-40	-211	-153	-158	-164	-180
-159	-197	-220	-172	-173	-162	-240	-53	-137	-171
-173	-198	-168	-48	-172	-200	-168	-204	-168	-133
-160	-319	-169	-194	-193	-195	-168	-203	-170	-207
-51	-164	-214	-154	-182	-186	-165	-175	-164	-165
-207	-209	-208	-244	-43	-198	-205	-123	-225	-224
-164	-159	-178	-36	-211	-235	-162	-220	-163	-184
-210	-186	-55	-176	-159	-147	-203	-129	-185	-154
-214	-242	-44	-161	-199	-219	-132	-167	-181	-169
-148	-190	-54	-176	-204	-205	-120	-184	-177	-181
-165	-174	-231	-164	-169	-186	-304	-173	-201	-184
-206	-212	-205	-157	-203	-172	-213	-147	-119	-197
-55	-162	-152	-182	-168	-198	-170	-175	-226	-53
-196	-201	-155	-44	-202	-199	-161	-205	-174	-146
-195	-169	0	-157	-187	-126	-186	-187	-160	-169
-159	-182	-196	-126	-225	0	-82	-203	-150	-217
-172	-200	-126	-47	-163	-216	-190	-191	-62	-108
-36	-168	-150	-180	-144	-204	-185	-44	-154	-199
-197	-160	0	-200	-164	-264	-165	-203	-194	-190
-215	-205	-168	-159	-54	-212	-161	-189	-164	-196
-156	-183	0	-150	-197	-198	-225	-197	-175	-157
-179	-208	-240	-38	-164	-148	-163	-184	-44	-216
-208	-174	-114	-180	-164	-195	-220	-180	-37	-148
-159	-156	-147	-40	-174	-205	-114	-204	-217	-120
-210	-50	-189	-187	-47	-197	-157	-201	-165	-168
-163	-207	-141	-144	-208	-300	-161	-189	-169	-185
-190	-162	-147	-177	-173	-212	-226	-311	-304	-84
-204	-207	-153	-197	-208	-160	-219	0	-132	-170
-186	-175	-147	-150	-167	-54	-182	-162	-37	-193
-247	-144	-151	-212	-172	-114	-175	-167	0	-150
-220	-54	-188	-150	-214	-129	-174	-194	-155	-221
-187	-158	-182	-157	-201	-162	-222	-49	-201	-114
-189	-160	-200	-209	-173	-222	-165	-217	-43	-144
-202	-117	-55	-163	-187	-186	-132	-183	-173	-160
-159	-200	-239	-317	-119	-148	-203	-184	-183	-144
-133	-218	-182	-151	-209	-226	-48	-165	-183	-170
-47	-207	-203	-181	-168	-220	-200	-202	-52	-206
-167	-53	-76	-204	-144	-204	-221	-205	-158	-203
-54	-128	-164	-181	-182	-147	-152	-173	-226	-36
-208	-203	-207	-215	-187	-177	-182	-162	-36	-208
-159	-108	-200	-186	-200	-40	-149	-203	-164	0
-194	-190	-162	-186	-164	-238	-44	-133	-156	-195
-208	-235	-126	-170	-312	-204	-215	-205	-211	-185
-117	-174	-200	-44	-205	-178	-158	-40	-144	-156
-212	-183	-200	-117	-193	-177	-204	-126	-234	-55
-176	-200	-208	-42	-141	-158	-158	-208	-196	-172
-185	-181	-44	-158	-196	-171	0	-214	-170	-123
-182	-202	-163	-184	-173	-147	-204	-233	-54	-80
-191	-177	-179	-191	-169	-160	-213	-195	-147	-148
-36	-202	-219	-150	-222	-185	-167	-157	-209	-40
-213	-183	-208	-308	-214	-120	-168	-167	-191	-172
-205	-206	-160	-224	0	-163	-199	-201	-44	-160
-208	-172	-194	-161	-181	-189	-188	0	-172	-148
-195	-164	-229	-151	-159	-158	-36	-161	-187	-179
0	-199	-206	-177	-209	-223	-148	-213	-174	-251
-264	-36
